 5 113.146 1.24646 0.0268654 0 62.0203 -0.911199 0.0266833
 5 109.869 1.35936 0.0262744 0 55.1803 -1.08433 0.0327135
 5 108.557 1.73026 0.0382069 0 50.1067 -1.83241 0.0278054
 5 115.563 1.96182 0.0357213 0 62.3381 -2.2435 0.0327131 6 159.377 0.78905 0.0394234 1 125.434 -0.355561 0.0418338
 5 122.588 2.08702 0.036155 0 73.3163 -2.41194 0.0246376 6 148.245 0.870305 0.0529577 1 110.248 -0.402738 0.0173924
 0 74.3707 -2.52756 -0.0650017 5 123.309 1.99565 -0.0586147 1 108.925 -0.507963 -0.0656089 6 147.441 0.776524 -0.0610539
 0 74.1538 -2.61572 -0.148528 5 123.498 1.90709 -0.149562 1 108.887 -0.595539 -0.153052 6 147.66 0.689314 -0.150129
 0 73.9775 -2.72985 -0.265024 5 123.728 1.79336 -0.261262 1 108.75 -0.705674 -0.268382
 0 73.9156 -2.81929 -0.351249 5 123.99 1.70419 -0.349882 1 108.693 -0.792003 -0.352907
 0 73.79 -2.89284 -0.422214 5 124.034 1.63186 -0.418541 1 108.671 -0.863459 -0.426352
 0 73.7076 -2.98905 -0.520912 5 124.187 1.53637 -0.5168 1 108.566 -0.95649 -0.520013
 0 73.5085 -3.06335 -0.59232 5 124.356 1.46188 -0.588032 1 108.601 -1.02955 -0.593462
 0 73.5571 3.13641 -0.669445 5 124.541 1.38163 -0.668276 1 108.436 -1.10922 -0.676092
 0 73.4874 3.0419 -0.751313 5 124.696 1.28916 -0.750957 1 108.273 -1.20064 -0.768101
 0 73.4603 2.90506 -0.898598 1 108.003 -1.33276 -0.895569 5 125.12 1.15455 -0.895569
 0 73.4245 2.83702 -0.961859 1 107.852 -1.39811 -0.96243 5 125.244 1.08859 -0.961574
 0 73.4139 2.75533 -1.0477 1 107.728 -1.47797 -1.04781 5 125.325 1.00797 -1.04414
 0 73.3793 2.66492 -1.13722 1 107.552 -1.56549 -1.1368 5 125.644 0.920249 -1.13148
 0 73.4187 2.57115 -1.23438 1 107.363 -1.65695 -1.22105 5 125.816 0.828311 -1.21911
 0 73.4616 2.46852 -1.32351 1 107.25 -1.75601 -1.32553 5 125.947 0.728275 -1.32408
 0 73.5601 2.35763 -1.43671 1 106.958 -1.86514 -1.43291 5 126.232 0.620201 -1.43034
 0 73.5892 2.28197 -1.51737 1 106.886 -1.93913 -1.5134 5 126.23 0.546744 -1.50567 6 148.821 -0.656277 -1.50883
 1 108.103 -2.03869 -1.5708 0 75.8982 2.24427 -1.5708 6 146.192 -0.739777 -1.5708 5 123.365 0.491689 -1.5708
 0 91.4001 2.4451 -1.5708 1 119.804 -2.19717 -1.5708 5 104.147 0.596976 -1.5708 6 130.445 -0.847394 -1.5708
 0 102.348 2.53014 -1.5708 1 128.338 -2.2852 -1.5708 5 92.6723 0.683371 -1.5708 6 120.912 -0.934139 -1.5708
 0 113.619 2.60496 -1.5708 1 137.416 -2.34951 -1.5708 5 82.8411 0.795685 -1.5708 6 113.713 -1.02684 -1.56765
 0 122.353 2.65384 -1.55155 1 144.68 -2.40047 -1.5708 5 76.3456 0.890871 -1.5708 6 109.137 -1.10214 -1.5708
 0 133.891 2.69594 -1.54616 1 154.112 -2.4495 -1.5708 5 68.8159 1.04606 -1.5708 6 103.918 -1.20692 -1.54452
 5 63.8288 1.20861 -1.5708 6 100.23 -1.31601 -1.5708
 5 60.202 1.42021 -1.52644 6 97.4708 -1.4462 -1.5671
 6 96.7568 -1.62277 -1.67673 5 59.7098 1.3798 -1.67948
 6 96.6624 -1.69256 -1.74683 5 59.8167 1.30926 -1.74715
 6 96.5046 -1.78209 -1.83639 5 60.0037 1.21909 -1.84134
 6 96.2574 -1.86225 -1.91887 5 60.1457 1.13722 -1.91859
 0 161.606 2.31665 -2.0129 6 96.1054 -1.95994 -2.02207 5 60.299 1.04092 -2.01863 11 188.116 -0.981615 -2.01913
 0 161.825 2.22331 -2.10916 6 95.8548 -2.05293 -2.10944 5 60.5564 0.946919 -2.11231
 0 161.99 2.14202 -2.18788 6 95.7311 -2.13342 -2.18942 5 60.6858 0.868878 -2.19004
 0 162.065 2.04687 -2.2793 6 95.526 -2.2276 -2.28339 5 60.783 0.774198 -2.28717
 0 162.293 1.979 -2.33599 6 95.5129 -2.29672 -2.33225 5 60.6607 0.710126 -2.35619
 6 95.1721 -2.36632 -2.42226 0 162.33 1.90793 -2.4131 5 61.0442 0.636611 -2.42035
 6 95.059 -2.44331 -2.49843 0 162.514 1.83137 -2.49531 5 61.239 0.561449 -2.49576
 6 95.0107 -2.52383 -2.57779 0 162.688 1.75023 -2.56986 5 61.3233 0.483642 -2.57717
 6 94.8114 -2.63202 -2.68873 0 163.036 1.64119 -2.68385 5 61.4699 0.37655 -2.68971
 6 94.6642 -2.73844 -2.78641 0 163.205 1.53622 -2.78642 5 61.5415 0.273399 -2.78958 10 172.764 -0.854692 -2.79487
 6 94.581 -2.80741 -2.85637 0 163.38 1.46801 -2.85059 5 61.6323 0.207708 -2.86283 10 172.656 -0.922093 -2.8675
 6 94.5321 -2.89057 -2.94548 0 163.647 1.38555 -2.93475 5 61.7199 0.128622 -2.94193 10 172.461 -1.00354 -2.94549
 1 177.913 2.25792 -3.0082 6 94.4123 -2.96237 -3.01452 0 163.743 1.31564 -3.00341 5 61.7805 0.060152 -3.0115 10 172.338 -1.07292 -3.01333
 11 187.61 -2.1405 3.1379 6 99.4545 -3.11232 3.11473 1 180.4 2.13607 3.116 10 170.524 -1.24576 3.12146 5 56.6321 -0.085682 3.12146
 11 196.858 -2.20126 3.11532 6 115.589 -3.11124 3.14159 1 190.024 2.21688 3.14159 10 165.506 -1.3298 3.116 0 156.388 1.30396 3.12899
 5 30.3408 -0.158392 3.14159 10 163.38 -1.39001 3.11491 0 154.739 1.36851 3.14159
 0 151.927 1.45265 3.14159 5 18.3587 -0.256713 3.14159 10 161.507 -1.45897 3.14159
 0 151.326 1.53011 0.0251872 5 7.48793 -0.67975 3.14159 10 160.658 -1.53303 3.14159
 0 151.129 1.61114 0.0036962 5 7.38662 -2.48202 3.14159 10 160.622 -1.60037 3.14159
 0 152.829 1.72334 0.0231367 5 22.4975 -2.92683 3.14159 10 161.905 -1.69744 3.14159
 0 154.689 1.78957 3.14159 5 32.5663 -3.00223 3.14159 10 163.524 -1.75628 3.14159
 10 165.646 -1.91345 3.0623 5 44.0269 -3.12744 3.06239 0 157.881 1.77615 3.07127
 10 165.489 -2.00271 2.97336 5 44.0165 3.06686 2.97552 0 158.059 1.68647 2.98159
 10 165.231 -2.0953 2.87396 5 43.968 2.9694 2.88658 0 158.272 1.593 2.89188
 10 164.727 -2.19255 2.78236 5 43.9878 2.86623 2.78687 0 158.81 1.49669 2.78958
 10 164.748 -2.28043 2.69485 5 43.984 2.77598 2.69655 0 158.73 1.4081 2.7076
 5 43.9336 2.68824 2.61058 0 158.948 1.3217 2.61661
 5 44.0062 2.59074 2.52391 0 159.17 1.22912 2.52423
 5 44.0047 2.5007 2.42586 0 159.338 1.1406 2.43581
 5 44.1412 2.38899 2.32488 0 159.732 1.0323 2.33044
 5 44.1467 2.29437 2.23817 0 159.872 0.942444 2.23875
 5 44.1393 2.21485 2.16009 0 160.019 0.867924 2.16282
 5 44.1629 2.14065 2.08707 0 160.272 0.794177 2.09094
 5 44.2862 2.03504 1.98463
 5 44.3364 1.94668 1.89197
 5 44.4553 1.87228 1.82754
 5 44.6184 1.77916 1.73251
 5 44.6974 1.69555 1.65211
 5 44.763 1.64419 1.5708
 5 48.3693 1.97654 1.5708
 5 54.2584 2.17617 1.55285
 5 61.5343 2.33373 1.5684
 5 69.8069 2.44969 1.5708 0 111.039 0.41139 1.5708
 5 78.5363 2.53836 1.5708 0 101.81 0.449947 1.5708
 5 87.834 2.62036 1.59162
 5 96.6751 2.67 1.5708 0 82.963 0.575432 1.5708
 5 108.759 2.7333 1.60448 0 71.7739 0.683185 1.60462
 5 116.761 2.67514 1.49648 0 65.4642 0.677208 1.49828
 5 116.712 2.58671 1.41025 0 65.5648 0.592117 1.4085
 5 116.773 2.49853 1.32706 0 65.7761 0.507963 1.31767
 5 116.738 2.43156 1.26327 0 65.8172 0.441198 1.24695
 5 116.88 2.31364 1.14673 0 65.9631 0.326387 1.14246
 5 117.033 2.22079 1.05111 0 66.0157 0.236994 1.04601
 5 117.155 2.10607 0.939847 0 66.1594 0.127624 0.93536
 5 117.22 2.00517 0.832541 0 66.2644 0.0296707 0.833913
 5 117.436 1.92234 0.750957 0 66.3059 -0.0509968 0.751027
 5 117.548 1.82235 0.655348 0 66.3519 -0.146058 0.655995
 5 117.884 1.69932 0.533573 0 66.4033 -0.266396 0.530769
 5 117.972 1.60977 0.44974 0 66.4632 -0.353602 0.442404
 5 118.317 1.46544 0.304291 0 66.4854 -0.493414 0.30163
 5 118.359 1.41101 0.25188 0 66.3392 -0.546994 0.24576
 5 118.501 1.3282 0.166758 0 66.3511 -0.626871 0.164755
 5 119.225 1.17742 0 0 66.7095 -0.77254 0.0202696
 0 55.8091 -1.03599 -0.0201293 5 113.049 1.26802 -0.014056
 0 50.8847 -1.25636 -0.0277779 5 109.481 1.38125 -0.0232179
 0 48.197 -1.50633 -0.0255927 5 107.596 1.50074 -0.0259527
 0 50.1662 -1.85227 -0.0266837 5 107.918 1.66599 -0.0255926
 0 55.6721 -2.08422 -0.0232121 5 110.168 1.79442 -0.0234089
 0 64.6848 -2.29759 -0.0335304 5 114.753 1.93134 -0.0197252 1 123.871 -0.425905 -0.0253719 6 156.701 0.739871 0
 0 72.956 -2.41389 0 5 118.965 2.02414 0 1 113.723 -0.463951 -0.0071209 6 148.527 0.793194 -0.0256495
 0 76.4721 -2.54671 -0.104453 5 121.41 1.97095 -0.0936721 1 109.332 -0.572697 -0.10304 6 145.072 0.72876 -0.0985656
 0 76.3491 -2.62534 -0.18315 5 121.588 1.89295 -0.179542 1 109.355 -0.64879 -0.183578 6 145.316 0.651244 -0.170802
 0 76.282 -2.70611 -0.26303 5 121.811 1.81216 -0.25732 1 109.287 -0.728024 -0.261882
 0 76.1766 -2.77595 -0.328287 5 121.879 1.74252 -0.323847 1 109.189 -0.795631 -0.333651
 5 122.329 1.6019 -0.459855 1 108.98 -0.933849 -0.468095
 0 75.9121 -3.04209 -0.589316 5 122.519 1.48068 -0.588323 1 108.909 -1.05288 -0.591257
 0 75.7984 -3.12346 -0.674653 5 122.597 1.39947 -0.66775 1 108.846 -1.132 -0.671273
 0 75.7141 3.07764 -0.74919 5 122.801 1.31935 -0.748932 1 108.776 -1.21118 -0.754518
 0 75.6897 2.98397 -0.846479 1 108.436 -1.30229 -0.844998 5 122.995 1.22616 -0.843076
 0 75.5839 2.90181 -0.92048 1 108.425 -1.38159 -0.926255 5 123.097 1.14599 -0.921053
 0 75.628 2.79972 -1.02171 1 108.23 -1.48069 -1.02689 5 123.391 1.04589 -1.01981
 0 75.7128 2.70206 -1.12995 1 108.063 -1.57435 -1.12869 5 123.44 0.951649 -1.11741
 0 75.6218 2.62462 -1.19135 1 107.857 -1.64954 -1.19696 5 123.872 0.876329 -1.1906
 0 75.6636 2.53084 -1.28447 1 107.72 -1.74132 -1.2827 5 123.903 0.784159 -1.28579
 0 75.6742 2.44897 -1.36409 1 107.572 -1.82253 -1.36396 5 124.049 0.704953 -1.36298
 0 75.7499 2.36855 -1.44097 1 107.343 -1.89949 -1.44457 5 124.229 0.626578 -1.43799
 0 75.7787 2.27735 -1.52163 1 107.268 -1.99029 -1.53852 5 124.31 0.536922 -1.53017 6 146.26 -0.688567 -1.54177
 1 109.604 -2.11939 -1.62289 0 79.066 2.24054 -1.62386 6 142.546 -0.80201 -1.62028 5 119.798 0.468937 -1.6245
 1 116.109 -2.19739 -1.61324 0 86.6702 2.35472 -1.61635 6 134.399 -0.855951 -1.62266 5 109.432 0.525805 -1.60689
 1 128.115 -2.31591 -1.61081 0 101.227 2.4935 -1.60957 6 122.595 -0.971553 -1.62181 5 93.1489 0.634823 -1.61433
 1 140.163 -2.40128 -1.59798 0 115.403 2.58793 -1.61282 6 113.638 -1.09299 -1.61539 5 79.8654 0.766567 -1.59982
 1 149.119 -2.45062 -1.5964 0 125.339 2.64 -1.61515 6 108.601 -1.18661 -1.57792 5 71.9367 0.883779 -1.59257
 6 101.65 -1.42042 -1.61761 5 58.8414 1.24098 -1.5708
 6 100.312 -1.546 -1.5708 5 56.0807 1.46636 -1.5708
 6 100.145 -1.66109 -1.69956 5 56.0442 1.39019 -1.69487
 6 99.9466 -1.75079 -1.78508 5 56.2694 1.29902 -1.78548
 6 99.8364 -1.85326 -1.89337 5 56.4487 1.19231 -1.88471
 6 99.6475 -1.93485 -1.97017 5 56.5512 1.11391 -1.9738 11 188.357 -0.957285 -1.97147
 0 162.185 2.29253 -2.06293 6 99.3991 -2.0292 -2.06679 5 56.7038 1.01942 -2.06627
 0 162.333 2.17093 -2.18015 6 99.2036 -2.14967 -2.18553 5 56.8644 0.90017 -2.18485
 0 162.5 2.09835 -2.2514 6 98.985 -2.22229 -2.26062 5 57.0884 0.827494 -2.25903
 0 162.51 2.01698 -2.3284 6 98.7717 -2.30145 -2.34143 5 57.1642 0.747405 -2.32962
 6 98.7213 -2.38364 -2.4146 0 162.757 1.93621 -2.41387 5 57.2572 0.669148 -2.41833
 6 98.5957 -2.46473 -2.49568 5 57.3857 0.590213 -2.49705
 6 98.4618 -2.53269 -2.56525 0 163.106 1.78656 -2.56285 5 57.5427 0.522931 -2.56365
 6 98.3479 -2.63423 -2.66734 0 163.381 1.6859 -2.65879 5 57.6925 0.425176 -2.65506
 6 98.1885 -2.71482 -2.74541 0 163.509 1.60534 -2.74091 5 57.8183 0.344384 -2.74526 10 169.766 -0.826594 -2.75082
 6 98.055 -2.81635 -2.84773 0 163.767 1.5046 -2.84163 5 57.922 0.247276 -2.8447 10 169.673 -0.926035 -2.85002
 6 97.9897 -2.91177 -2.93813 0 163.995 1.41011 -2.93261 5 58.056 0.155903 -2.94223 10 169.467 -1.01957 -2.94604
 1 181.305 2.2608 -3.01633 6 97.8202 -2.99129 -3.01692 0 164.2 1.33125 -3.0109 5 58.1529 0.0793493 -3.01813 10 169.373 -1.09678 -3.02674
 1 181.315 2.15949 -3.11164 6 97.5603 -3.09017 3.14159 11 185.583 -2.10081 -3.09888 0 164.548 1.23008 -3.09519 5 58.3582 -0.0168315 3.14159
 11 185.362 -2.16698 3.09334 6 97.7786 3.1244 3.10288 1 181.619 2.0957 3.10158 10 168.961 -1.26114 3.08862 5 58.1978 -0.0811972 3.10394
 11 193.996 -2.24028 3.07687 6 112.205 3.117 3.09156 1 188.853 2.15018 3.09209 10 165.365 -1.35832 3.07414 5 43.7039 -0.127147 3.08794
 6 122.09 3.11961 3.08639 1 194.524 2.19396 3.09394 10 163.426 -1.41611 3.08111 5 33.7826 -0.164735 3.09259 0 156.083 1.30034 3.08809
 10 161.443 -1.52589 3.08576 5 15.7648 -0.346291 3.09287 0 152.004 1.42296 3.09005
 10 161.383 -1.61968 3.08932 5 5.42324 -1.7485 3.09068 0 150.529 1.53078 3.0885
 10 164.509 -1.77127 3.09027 5 27.4229 -2.94004 3.09683 0 151.528 1.70822 3.10011
 10 169.035 -1.87232 3.10678 5 45.3084 -3.01725 3.10464 0 154.951 1.82869 3.1028
 10 169.615 -1.97398 3.01813 5 48.216 -3.11262 3.02147 0 156.05 1.76197 3.02598
 10 169.398 -2.04473 2.94695 5 48.2264 3.09603 2.95284 0 156.187 1.6906 2.96288
 10 169.246 -2.11763 2.87345 5 48.1573 3.02159 2.87665 0 156.374 1.61788 2.88304
 10 168.754 -2.29428 2.70046 5 48.1022 2.84077 2.70367 0 156.873 1.44077 2.71057
 5 48.0545 2.75725 2.6185 0 157.017 1.3602 2.62892
 5 48.1002 2.65456 2.52102 0 157.224 1.25954 2.5299
 5 48.0715 2.5758 2.44649 0 157.443 1.18513 2.45473
 5 48.1013 2.44446 2.32012 0 157.801 1.05876 2.32387
 5 48.2135 2.34862 2.23028 0 157.92 0.966635 2.23312
 5 48.2279 2.26718 2.14503 0 158.194 0.886655 2.15323
 5 48.429 2.18014 2.06663 0 158.556 0.805999 2.07128
 5 48.4319 2.09251 1.97957
 5 48.5283 1.97714 1.8703
 5 48.6187 1.89414 1.78405
 5 48.696 1.81411 1.7085
 5 48.787 1.73692 1.6325
 5 48.9108 1.63197 1.52057
 5 50.965 1.86107 1.51497
 5 57.337 2.12584 1.52162
 5 64.5584 2.28925 1.52111 0 120.754 0.348433 1.52568
 5 71.5182 2.39627 1.53386 0 111.49 0.380118 1.5218
 5 82.0681 2.51363 1.51852 0 98.6941 0.435291 1.52057
 5 99.7549 2.64201 1.54219 0 80.018 0.553662 1.54084
 5 114.709 2.71639 1.53384 0 66.2322 0.691555 1.51825
 5 118.117 2.58178 1.39319 0 63.711 0.586249 1.39256
 5 118.019 2.50819 1.32504 0 63.812 0.515385 1.32037
 5 118.116 2.43655 1.24823 0 63.8697 0.445563 1.24877
 5 118.296 2.33572 1.15368 0 64.1075 0.347514 1.14784
 5 118.31 2.27018 1.08851 0 64.2003 0.283758 1.08437
 5 118.437 2.19334 1.00931 0 64.2359 0.209295 1.00644
 5 118.466 2.12777 0.949672 0 64.2327 0.147734 0.945387
 5 118.621 2.05308 0.875693 0 64.4366 0.0744183 0.868433
 5 118.682 1.93919 0.76924 0 64.5011 -0.033854 0.768815
 5 118.913 1.85861 0.680954 0 64.572 -0.11351 0.676091
 5 119.018 1.77771 0.602662 0 64.5864 -0.190962 0.601064
 5 119.452 1.69365 0.520021 0 64.5046 -0.268346 0.517556
 5 119.358 1.60101 0.427625 0 64.5749 -0.360735 0.42464
 5 119.576 1.52506 0.353068 0 64.629 -0.435215 0.350645
 5 119.713 1.4444 0.269842 0 64.5997 -0.513611 0.26518
 5 119.884 1.39173 0.218968 0 64.5881 -0.564013 0.213828
 5 119.989 1.32578 0.152846 0 64.5866 -0.628261 0.147277
 5 120.147 1.23908 0.0750572 0 64.5049 -0.712602 0.0673114
 0 64.3989 -0.785065 0 5 120.127 1.16322 -0.0234089
 0 57.446 -0.988434 -0.0631768 5 115.711 1.1969 -0.061982
 0 51.9207 -1.17423 -0.0742619 5 111.973 1.29848 -0.06418
 0 48.5842 -1.38885 -0.0672281 5 109.42 1.40141 -0.0573471
 0 48.0759 -1.6614 -0.0613869 5 107.92 1.52819 -0.0553103
 0 51.7095 -1.95571 -0.0580344 5 108.095 1.67168 -0.048604
 0 56.3296 -2.12514 -0.0524579 5 109.673 1.76762 -0.0493801
 0 65.9393 -2.32575 -0.0516263 5 113.789 1.90801 -0.0419641 1 124.231 -0.467632 -0.0481808 6 155.614 0.703513 -0.0412895
 0 76.153 -2.45278 -0.0483429 5 119.049 2.02143 -0.0518089 1 112.006 -0.519888 -0.0476367 6 145.264 0.768579 -0.0413987
 0 77.8963 -2.59549 -0.16288 5 120.417 1.92087 -0.157866 1 109.576 -0.646767 -0.160604 6 143.76 0.664104 -0.157609
 0 77.7098 -2.67112 -0.240077 5 120.62 1.84553 -0.235787 1 109.541 -0.720385 -0.242983
 0 77.5998 -2.79127 -0.353664 5 120.778 1.72642 -0.352906 1 109.412 -0.836637 -0.359237
 0 77.4956 -2.86668 -0.42778 5 120.895 1.65146 -0.427365 1 109.371 -0.910144 -0.430599
 0 77.3502 -2.93414 -0.495014 5 121.059 1.58476 -0.492696 1 109.287 -0.975182 -0.499563
 0 77.3029 -3.02319 -0.589175 5 121.205 1.49552 -0.575714 1 109.294 -1.06161 -0.589175
 0 77.2013 -3.10798 -0.667454 5 121.324 1.4133 -0.662751 1 109.1 -1.14365 -0.668935
 0 77.0719 3.07324 -0.754478 5 121.611 1.31346 -0.762059 1 108.832 -1.24139 -0.785398
 0 77.1272 2.96082 -0.876297 1 108.681 -1.35149 -0.877462 5 121.885 1.20203 -0.873308
 0 77.0882 2.8648 -0.968671 1 108.553 -1.44537 -0.969675 5 122.098 1.10817 -0.970016
 0 76.8159 2.72611 -1.10334 1 108.29 -1.57873 -1.1068 5 122.456 0.974076 -1.08629
 0 77.0219 2.65272 -1.17548 1 108.178 -1.65047 -1.17958 5 122.524 0.901707 -1.17446
 0 77.1053 2.5564 -1.27466 1 107.963 -1.74349 -1.26945 5 122.781 0.807776 -1.27235
 0 77.0538 2.47473 -1.3472 1 107.781 -1.82429 -1.34895 5 122.894 0.727742 -1.34865
 0 77.1476 2.37039 -1.45373 1 107.643 -1.92562 -1.45241 5 123.02 0.62601 -1.45482 6 144.69 -0.614768 -1.45025
 0 77.2223 2.29531 -1.52841 1 107.403 -1.99843 -1.53162 5 123.254 0.554317 -1.52398 6 144.666 -0.686598 -1.52493
 1 107.389 -2.06977 -1.59639 0 77.1702 2.22156 -1.59093 6 144.576 -0.757611 -1.62198 5 123.339 0.483872 -1.60335
 1 114.332 -2.21189 -1.64727 0 84.8967 2.29627 -1.64982 6 136.139 -0.873482 -1.65381 5 111.915 0.481175 -1.65381
 1 125.956 -2.3232 -1.6452 0 97.8296 2.43996 -1.64967 6 125.12 -0.981065 -1.64864 5 96.027 0.573662 -1.64109
 1 134.842 -2.38865 -1.64437 0 107.891 2.51871 -1.64037 6 118.42 -1.06675 -1.63441 5 85.7005 0.657239 -1.63387
 1 143.45 -2.44166 -1.64383 0 117.629 2.57946 -1.62849 6 113.147 -1.15502 -1.64328 5 76.6849 0.753118 -1.63658
 0 132.229 2.6532 -1.63374 6 107.251 -1.29807 -1.64165 5 65.1214 0.941089 -1.64056
 6 104.245 -1.43267 -1.6254 5 57.5654 1.15438 -1.62951
 6 103.251 -1.56187 -1.62868 5 53.4941 1.3964 -1.62582
 6 102.973 -1.68112 -1.71366 5 53.1634 1.38739 -1.70747
 6 102.743 -1.77225 -1.79556 5 53.3889 1.29682 -1.7973
 6 102.48 -1.89983 -1.92493 5 53.601 1.16831 -1.92656 11 189.335 -0.928801 -1.92898
 0 161.805 2.3766 -1.99886 6 102.305 -1.97197 -1.99816 5 53.7675 1.09487 -1.99858 11 189.164 -1.00041 -2.00196
 0 161.893 2.29544 -2.07856 6 102.169 -2.05226 -2.07608 5 53.818 1.01545 -2.07865
 0 162.008 2.22674 -2.14171 6 101.998 -2.12034 -2.14766 5 54.0013 0.948074 -2.14713
 0 162.181 2.13929 -2.22986 6 101.864 -2.2068 -2.23233 5 54.1921 0.861543 -2.2314
 0 162.37 2.03819 -2.32667 6 101.646 -2.30703 -2.33462 5 54.3254 0.762416 -2.34755
 6 101.476 -2.4046 -2.43197 0 162.459 1.94146 -2.42447 5 54.4676 0.668273 -2.42582
 6 101.391 -2.47153 -2.49893 0 162.65 1.87438 -2.49943 5 54.5934 0.603866 -2.49383
 6 101.19 -2.54374 -2.56523 0 162.779 1.80182 -2.55559 5 54.7914 0.531063 -2.57083
 6 101.085 -2.64399 -2.6622 0 162.988 1.70091 -2.66672 5 54.8822 0.432445 -2.66435
 6 100.929 -2.74671 -2.76583 0 163.368 1.59994 -2.76613 5 55.0438 0.334851 -2.76716 10 168.1 -0.863142 -2.774
 6 100.758 -2.85606 -2.87855 0 163.642 1.49155 -2.86752 5 55.1194 0.229652 -2.87641 10 167.858 -0.970003 -2.88545
 6 100.665 -2.94094 -2.96155 0 163.818 1.40689 -2.95667 5 55.2586 0.147403 -2.96377 10 167.805 -1.05396 -2.96762
 1 183.494 2.25279 -3.03383 6 100.569 -3.01883 -3.03684 11 186.476 -2.03461 -3.04246 0 163.942 1.3305 -3.03607 5 55.2835 0.0720813 -3.03715
 11 186.118 -2.14618 3.14159 6 100.233 -3.1325 3.12234 1 183.614 2.1394 3.14159 10 167.254 -1.24281 3.12021 5 55.2911 -0.0418537 3.13132
 11 186.073 -2.21625 3.06057 6 100.576 3.08192 3.05888 1 183.831 2.07148 3.07673 10 167.291 -1.30965 3.05754 5 55.3267 -0.105101 3.05876
 6 112.889 3.08043 3.0549 1 189.757 2.11939 3.05754 10 164.616 -1.39341 3.04693 5 42.9717 -0.149812 3.05398 0 159.412 1.21111 3.06337
 1 197.295 2.18217 3.06382 10 162.68 -1.47332 3.05422 5 29.3345 -0.214842 3.0597 0 155.035 1.29787 3.06229
 10 161.783 -1.54402 3.05428 5 17.7206 -0.353778 3.06244 0 152.235 1.37681 3.07238
 10 161.969 -1.62579 3.06471 5 6.77479 -1.14535 3.06412 0 150.046 1.47012 3.06389
 10 163.008 -1.69729 3.06927 5 11.0456 -2.54787 3.06412 0 149.256 1.55363 3.06293
 10 164.576 -1.7583 3.06593 5 20.8067 -2.83579 3.06959 0 149.392 1.62745 3.07183
 10 167.97 -1.84144 3.06107 5 35.0651 -2.96175 3.08112 0 150.923 1.7294 3.08317
 10 173.031 -1.9324 3.07047 5 51.5715 -3.01829 3.07232 0 154.35 1.83929 3.08098
 10 172.827 -2.03231 2.97534 5 52.1865 -3.1187 2.97971 0 154.932 1.74611 2.98305
 10 172.781 -2.09519 2.90813 5 52.2029 3.09895 2.91775 0 154.946 1.68293 2.91758
 10 172.476 -2.18364 2.82703 5 52.0514 3.00843 2.81902 0 155.2 1.59387 2.83617
 10 172.377 -2.26392 2.73974 5 52.1066 2.92329 2.74583 0 155.398 1.51335 2.75214
 5 52.0588 2.83604 2.66395 0 155.608 1.4253 2.669
 5 51.9725 2.75239 2.57874 0 155.812 1.34449 2.58507
 5 52.0396 2.66131 2.49926 0 156.069 1.25797 2.49456
 5 51.9918 2.57362 2.4076 0 156.316 1.17141 2.4135
 5 52.133 2.49618 2.32592 0 156.446 1.09925 2.35619
 5 52.112 2.41288 2.25177 0 156.642 1.01705 2.25681
 5 52.176 2.30214 2.14558 0 156.897 0.909071 2.14825
 5 52.2175 2.22953 2.07708 0 157.058 0.839049 2.07822
 5 52.2692 2.15737 2.00347 0 157.256 0.769023 2.00717
 5 52.4081 2.08317 1.93212
 5 52.4659 1.99427 1.84038
 5 52.521 1.91215 1.76462
 5 52.6538 1.79575 1.65126
 5 52.8217 1.7165 1.5708
 5 52.9785 1.63755 1.48471
 5 55.7555 1.90388 1.47866
 5 60.7083 2.09393 1.48197
 5 69.6178 2.29144 1.48672 0 116.411 0.34108 1.48618
 5 79.3716 2.4237 1.48873 0 103.52 0.390641 1.48648
 5 87.6864 2.50779 1.48751 0 93.6094 0.43566 1.48865
 5 103.975 2.62269 1.49014 0 76.0731 0.550706 1.49101
 5 113.892 2.67445 1.51158 0 66.6378 0.642173 1.49622
 5 120.642 2.61368 1.4109 0 61.2309 0.631127 1.4099
 5 120.589 2.54299 1.34044 0 61.2787 0.562541 1.33986
 5 120.648 2.4618 1.26401 0 61.4174 0.483758 1.25633
 5 120.714 2.34327 1.14499 0 61.5716 0.369257 1.14486
 5 121.019 2.25609 1.06233 0 61.7526 0.287972 1.05541
 5 120.93 2.16946 0.97455 0 61.7794 0.199987 0.968101
 5 121.038 2.09549 0.902286 0 61.8684 0.130315 0.897403
 5 121.123 2.0071 0.816579 0 61.9361 0.0423325 0.817476
 5 121.229 1.94032 0.752384 0 62.0181 -0.0213095 0.742532
 5 121.303 1.86473 0.679201 0 62.0018 -0.0933254 0.668819
 5 121.734 1.66279 0.464 0 62.0205 -0.287863 0.467459
 5 121.876 1.58996 0.401677 0 62.1487 -0.359388 0.39778
 5 122.009 1.56939 0.38165 0 62.0883 -0.377812 0.374134
 5 122.087 1.50076 0.313773 0 62.0864 -0.444869 0.309479
 5 122.268 1.42806 0.24576 0 62.1505 -0.514282 0.238629
 5 122.478 1.34794 0.160292 0 62.0475 -0.591847 0.156438
 5 122.6 1.27322 0.0879034 0 62.1092 -0.664928 0.086535
 0 62.0246 -0.78226 -0.0490015 5 122.824 1.1536 -0.0201293
 0 58.5909 -0.916963 -0.103479 5 120.579 1.12458 -0.0957407
 0 51.7433 -1.10674 -0.0988802 5 115.477 1.23663 -0.089352
 0 47.3907 -1.34762 -0.0923407 5 111.959 1.3455 -0.0856401
 0 46.5828 -1.69018 -0.0929081 5 109.348 1.49477 -0.0847329
 0 49.5767 -1.93685 -0.0895333 5 109.104 1.61133 -0.0832744
 0 55.9443 -2.16555 -0.0831157 5 110.439 1.73966 -0.0786513
 0 67.7906 -2.38597 -0.0813134 5 114.953 1.90067 -0.075761 1 121.65 -0.505813 -0.0840507 6 153.609 0.686287 -0.0772491
 0 77.8218 -2.4972 -0.0801093 5 119.881 2.01141 -0.0577435 1 110.195 -0.557083 -0.0571962 6 143.577 0.752176 -0.0705768
 0 78.1316 -2.59278 -0.161208 5 120.232 1.92501 -0.15553 1 109.595 -0.647194 -0.162997 6 143.46 0.665726 -0.152856
 0 77.9637 -2.68164 -0.255191 5 120.491 1.83657 -0.245262 1 109.547 -0.733993 -0.259884
 0 77.8996 -2.7495 -0.321174 5 120.56 1.76793 -0.312222 1 109.435 -0.801848 -0.323729
 0 77.7673 -2.82382 -0.39327 5 120.713 1.6945 -0.386947 1 109.415 -0.872732 -0.390791
 0 77.7571 -2.90338 -0.464 5 120.849 1.61314 -0.465778 1 109.182 -0.951891 -0.474368
 0 77.7075 -2.98109 -0.544901 5 120.967 1.53931 -0.536683 1 109.201 -1.02489 -0.546901
 0 77.5388 -3.0804 -0.641827 5 121.214 1.44051 -0.639309 1 109.067 -1.12205 -0.642328
 0 77.3935 3.08571 -0.750256 5 121.433 1.32589 -0.751314 1 109.031 -1.2349 -0.759204
 0 77.3686 2.96702 -0.871153 1 108.703 -1.3496 -0.871678 5 121.656 1.20901 -0.868324
 0 77.3891 2.89891 -0.939846 1 108.569 -1.415 -0.936268 5 121.88 1.14277 -0.938392
 0 77.2781 2.82531 -1.00918 1 108.507 -1.48695 -1.00837 5 121.951 1.07026 -1.01289
 0 77.3382 2.75224 -1.08585 1 108.38 -1.55814 -1.08183 5 122.214 0.998323 -1.08519
 0 77.4446 2.67313 -1.15598 1 107.973 -1.63225 -1.15697 5 122.502 0.92548 -1.15352
 0 77.3912 2.57933 -1.24823 1 107.956 -1.72639 -1.24962 5 122.463 0.831046 -1.24823
 0 77.3934 2.4912 -1.33388 1 107.786 -1.81187 -1.33736 5 122.677 0.744227 -1.33735
 0 77.4269 2.39295 -1.43451 1 107.568 -1.90735 -1.43672 5 122.92 0.648419 -1.43034
 0 77.4713 2.31938 -1.49322 1 107.442 -1.97938 -1.5177 5 123.033 0.577352 -1.50322 6 144.372 -0.665753 -1.5076
 1 107.247 -2.06056 -1.5708 0 77.6443 2.23474 -1.5708 6 144.243 -0.741524 -1.61214 5 122.891 0.498826 -1.58655
 1 107.111 -2.13593 -1.65975 0 77.6008 2.15962 -1.66028 6 144.134 -0.820031 -1.66015 5 123.339 0.42212 -1.66015
 1 113.286 -2.2331 -1.67417 0 83.6807 2.24685 -1.68375 6 137.356 -0.89801 -1.68537 5 113.602 0.439035 -1.67973
 1 120.554 -2.30195 -1.67509 0 91.2596 2.34917 -1.68078 6 130.463 -0.960797 -1.6801 5 103.34 0.489863 -1.67088
 1 128.598 -2.36719 -1.66646 0 99.6949 2.43446 -1.67405 6 124.098 -1.03601 -1.67403 5 93.0663 0.55349 -1.67555
 1 136.056 -2.41668 -1.67188 0 107.74 2.5001 -1.67143 6 119.056 -1.10743 -1.67469 5 84.3718 0.619944 -1.67811
 1 150.315 -2.49422 -1.67058 0 122.932 2.59517 -1.66287 6 112.04 -1.25313 -1.66722 5 70.0594 0.780064 -1.66769
 0 133.613 2.64502 -1.66317 6 108.701 -1.35864 -1.66218 5 61.7974 0.924385 -1.66274
 6 106.875 -1.45389 -1.6633 5 56.0793 1.07968 -1.65906
 6 106.104 -1.56441 -1.65635 5 51.423 1.29058 -1.65719
 6 106.044 -1.74788 -1.75951 5 50.0572 1.35891 -1.75963
 6 105.817 -1.85956 -1.8703 5 50.1736 1.24922 -1.8735
 6 105.386 -1.94982 -1.96245 5 50.5322 1.15963 -1.96393 11 189.568 -0.981731 -1.96026
 0 162 2.35444 -2.04715 6 105.425 -2.0299 -2.04164 5 50.5411 1.07794 -2.03302
 0 162.281 2.27326 -2.11934 6 105.218 -2.10962 -2.12241 5 50.6917 0.996555 -2.12293
 0 162.392 2.18214 -2.21188 6 105.145 -2.19999 -2.21296 5 50.7125 0.909526 -2.21595
 6 104.806 -2.39173 -2.40852 0 162.745 1.98973 -2.39968 5 51.1582 0.71861 -2.40167
 6 104.433 -2.47411 -2.48299 0 163.169 1.90873 -2.47914 5 51.4028 0.642482 -2.48257
 6 104.389 -2.56565 -2.57726 0 163.113 1.81613 -2.56553 5 51.4274 0.54796 -2.5745
 6 104.245 -2.65239 -2.65849 0 163.3 1.72974 -2.65929 5 51.6361 0.4638 -2.6622
 6 104.176 -2.72518 -2.73323 0 163.432 1.65682 -2.72475 5 51.6488 0.393531 -2.73066 10 165.697 -0.844514 -2.73527
 6 104.065 -2.7944 -2.79685 0 163.658 1.5881 -2.79156 5 51.706 0.328225 -2.80383 10 165.595 -0.911705 -2.80413
 6 103.989 -2.90345 -2.90757 0 163.887 1.47936 -2.9054 5 51.7851 0.220822 -2.91046 10 165.492 -1.01942 -2.9145
 6 103.891 -2.99115 -2.99532 0 164.205 1.39292 -2.98984 5 52.0025 0.137951 -2.99068 10 165.289 -1.10449 -3.00346
 1 186.45 2.21763 -3.06842 6 103.808 -3.07868 -3.08932 11 186.889 -2.09858 -3.09058 0 164.343 1.30646 -3.08904 5 52.0542 0.0535004 -3.08275
 6 103.379 3.12269 3.11173 1 186.574 2.13764 3.11803 10 165.085 -1.27038 3.09761
 11 186.498 -2.25897 3.03473 6 103.637 3.04256 3.04198 1 186.85 2.05712 3.04409 10 164.784 -1.34875 3.03321 5 52.1272 -0.100444 3.03689
 6 114.731 3.03466 3.01995 1 191.957 2.08843 3.02566 10 162.868 -1.43758 3.01708 5 41.0422 -0.157384 3.0233 0 160.026 1.18933 3.02021
 1 198.781 2.1518 3.02742 10 161.588 -1.51506 3.01699 5 27.7877 -0.230277 3.02148 0 155.542 1.27428 3.03554
 10 161.311 -1.59864 3.0205 5 14.3962 -0.447219 3.02526 0 151.892 1.36686 3.03577
 10 162.599 -1.69905 3.02382 5 7.39121 -2.12233 3.03144 0 149.355 1.48129 3.03921
 10 164.319 -1.7666 3.02177
 10 168.319 -1.86092 3.03308 5 32.9436 -2.94748 3.03544 0 149.496 1.67971 3.04871
 10 173.152 -1.93899 3.03472 5 47.5038 -3.00529 3.04561 0 151.818 1.78066 3.04693
 10 175.934 -2.06371 2.95637 5 55.7607 -3.10924 2.96028 0 153.93 1.75369 2.96581
 10 175.614 -2.14864 2.8722 5 55.7054 3.08602 2.87762 0 154.194 1.66823 2.88684
 10 175.412 -2.25108 2.77146 5 55.7737 2.98001 2.77265 0 154.418 1.56568 2.78207
 5 55.5368 2.86906 2.65705 0 154.666 1.45419 2.66603
 5 55.5973 2.77766 2.57526 0 154.903 1.36592 2.58166
 0 155.006 1.27949 2.49284
 5 55.7132 2.5792 2.37813 0 155.407 1.17238 2.38716
 5 55.644 2.49489 2.30421 0 155.581 1.09289 2.30255
 5 55.6988 2.40364 2.21534 0 155.774 1.005 2.22583
 5 55.7846 2.27211 2.0895 0 156.032 0.876717 2.09094
 5 55.823 2.19837 2.01334 0 156.242 0.804795 2.01754
 5 55.9168 2.11685 1.9387
 5 56.1841 2.047 1.87357
 5 56.1825 1.90856 1.73288
 5 56.2814 1.8431 1.67072
 5 56.2251 1.76128 1.57449
 5 56.4427 1.68423 1.51896
 5 56.5637 1.64072 1.44486
 5 60.9265 1.96517 1.44547
 5 67.0706 2.14927 1.45155 0 124.191 0.305933 1.44821
 5 73.7839 2.28137 1.45667 0 113.371 0.339305 1.4513
 5 80.7276 2.37745 1.45716 0 103.993 0.373556 1.45324
 5 92.7049 2.49898 1.45266 0 89.2943 0.441973 1.45738
 5 103.349 2.57897 1.46315 0 77.6515 0.517162 1.45865
 5 113.056 2.63511 1.46135 0 67.9619 0.603748 1.46014
 5 122.373 2.5954 1.39239 0 59.7658 0.62955 1.38705
 5 122.465 2.52927 1.32553 0 59.8643 0.565183 1.31205
 5 122.453 2.4211 1.21803 0 59.9824 0.460462 1.21112
 5 122.595 2.34034 1.13736 0 60.1072 0.380716 1.13807
 5 122.65 2.25941 1.05671 0 60.2025 0.303438 1.05026
 5 122.726 2.16718 0.965557 0 60.3392 0.215073 0.964373
 5 122.88 2.09403 0.895569 0 60.4331 0.144357 0.892256
 5 123.129 1.91848 0.718161 0 60.5941 -0.0269126 0.714536
 5 123.251 1.84487 0.650406 0 60.5984 -0.0951467 0.649175
 5 123.444 1.77045 0.573398 0 60.6876 -0.169085 0.567082
 5 123.567 1.68938 0.494945 0 60.6873 -0.245972 0.489746
 5 123.938 1.6366 0.44085 0 60.64 -0.293639 0.439474
 5 123.845 1.56055 0.362671 0 60.7376 -0.370748 0.363867
 5 123.988 1.47978 0.281444 0 60.7602 -0.448227 0.280034
 5 124.164 1.40677 0.218383 0 60.6862 -0.519434 0.205792
 5 124.403 1.30032 0.102667 0 60.7615 -0.622542 0.108221
 5 124.654 1.21674 0.0391016 0 60.7309 -0.704534 0.0317581
 0 60.4703 -0.769315 -0.0535227 5 124.944 1.14724 -0.0468288
 0 58.1961 -0.902647 -0.134671 5 122.915 1.09065 -0.130287
 0 50.6102 -1.11768 -0.12527 5 117.032 1.20644 -0.120246
 0 46.2311 -1.38599 -0.121334 5 112.776 1.32308 -0.115661
 0 45.6619 -1.66111 -0.119243 5 110.309 1.43823 -0.117955
 0 47.9727 -1.89673 -0.121518 5 109.23 1.54422 -0.111408
 0 54.474 -2.15193 -0.12105 5 109.888 1.68224 -0.110678
 0 61.4476 -2.30509 -0.107035 5 111.757 1.78649 -0.102801 1 130.614 -0.505172 -0.114408
 0 71.3097 -2.44574 -0.111101 5 115.395 1.90626 -0.106438 1 118.614 -0.558686 -0.107009 6 149.939 0.668996 -0.102397
 0 81.459 -2.54978 -0.115931 5 120.301 2.00366 -0.107434 1 107.782 -0.624572 -0.111646 6 140.144 0.723702 -0.107625
 0 81.0559 -2.65046 -0.212697 5 120.352 1.90052 -0.204763 1 107.885 -0.720945 -0.213694 6 140.571 0.623133 -0.203465
 0 80.9047 -2.78553 -0.348083 5 120.605 1.76559 -0.340045 1 107.796 -0.852314 -0.342009
 0 80.7983 -2.85264 -0.410956 5 120.765 1.69947 -0.408194 1 107.686 -0.917611 -0.413396
 0 80.7141 -2.9279 -0.483765 5 120.893 1.62417 -0.475522 1 107.646 -0.990699 -0.488166
 0 80.6282 -2.99614 -0.553557 5 121.068 1.55758 -0.548801 1 107.551 -1.05617 -0.552928
 0 80.4347 3.13159 -0.706423 5 121.31 1.40415 -0.703189 1 107.355 -1.20668 -0.704339
 0 80.4571 3.034 -0.803592 1 107.295 -1.30169 -0.802615 5 121.62 1.3071 -0.785398
 0 80.3839 2.96041 -0.875093 1 107.066 -1.37332 -0.873995 5 121.718 1.23551 -0.869714
 0 80.3466 2.86487 -0.963319 1 106.915 -1.4663 -0.965536 5 121.951 1.14139 -0.964053
 0 80.3938 2.79467 -1.04042 1 106.672 -1.53419 -1.03621 5 122.143 1.07261 -1.02848
 0 80.3577 2.69149 -1.13567 1 106.611 -1.63397 -1.13637 5 122.245 0.97229 -1.12967
 0 80.4249 2.54885 -1.27709 1 106.262 -1.77284 -1.27709 5 122.638 0.832811 -1.27486
 0 80.47 2.4669 -1.35534 1 106.092 -1.85289 -1.35301 5 122.768 0.753131 -1.34895
 0 80.5349 2.37464 -1.44583 1 105.923 -1.94332 -1.44512 5 122.992 0.662495 -1.44203 6 141.386 -0.598463 -1.44726
 0 80.468 2.29881 -1.51728 1 105.738 -2.01757 -1.51667 5 123.135 0.589472 -1.51743 6 141.471 -0.672611 -1.51924
 1 105.714 -2.09185 -1.59707 0 80.4025 2.22289 -1.59639 6 141.544 -0.744606 -1.61428 5 123.189 0.51655 -1.62048
 1 106.136 -2.20894 -1.70197 0 81.303 2.1272 -1.70208 6 140.465 -0.85866 -1.701 5 122.21 0.412269 -1.69778
 1 116.322 -2.31589 -1.70238 0 90.2454 2.27691 -1.70117 6 130.818 -0.951403 -1.70059 5 107.685 0.469663 -1.70301
 1 127.696 -2.40596 -1.70237 0 101.539 2.40089 -1.69849 6 122.068 -1.05669 -1.70207 5 93.4935 0.551223 -1.69511
 1 146.324 -2.51106 -1.68931 0 120.333 2.54134 -1.69696 6 111.882 -1.23927 -1.68917 5 74.0392 0.729604 -1.69512
 0 128.873 2.58878 -1.68644 6 109.138 -1.32688 -1.69382 5 66.5834 0.835139 -1.68463
 6 106.093 -1.47428 -1.68659 5 56.8885 1.05689 -1.69037
 6 105.722 -1.62925 -1.6805 5 50.7468 1.35451 -1.68009
 6 105.862 -1.77184 -1.78049 5 50.1991 1.35456 -1.77806
 6 105.686 -1.85295 -1.85915 5 50.3544 1.2717 -1.85495
 6 105.227 -1.93399 -1.93838 5 50.7265 1.1934 -1.94271 11 189.046 -0.960763 -1.94124
 6 105.323 -2.01355 -2.01655 5 50.5744 1.11162 -2.0236 11 189.034 -1.04137 -2.0348
 0 162.82 2.30545 -2.09071 6 105.133 -2.08356 -2.09363 5 50.7564 1.04046 -2.09432
 0 162.946 2.22449 -2.17138 6 104.953 -2.16376 -2.17203 5 50.9504 0.961393 -2.17151
 0 163.098 2.14354 -2.24618 6 104.864 -2.24398 -2.25113 5 50.9527 0.881577 -2.25291
 0 163.238 2.07488 -2.31723 6 104.604 -2.31311 -2.31694 5 51.1533 0.815049 -2.31427
 6 104.553 -2.38604 -2.38913 0 163.427 2.00203 -2.38924 5 51.2763 0.74182 -2.39018
 6 104.405 -2.48242 -2.48655 0 163.511 1.90478 -2.48177 5 51.4768 0.646124 -2.4864
 6 104.319 -2.55709 -2.5583 0 163.721 1.83077 -2.55856 5 51.5649 0.574094 -2.5578
 6 104.15 -2.6562 -2.65798 0 163.909 1.73141 -2.65182 5 51.6697 0.478613 -2.66468
 6 104.017 -2.73144 -2.73498 0 164.095 1.65655 -2.72993 5 51.8572 0.405794 -2.73254 10 165.203 -0.842479 -2.7402
 6 103.936 -2.8117 -2.82042 0 164.314 1.57609 -2.81655 5 51.9494 0.326624 -2.8121 10 164.971 -0.922103 -2.81902
 6 103.728 -2.89989 -2.89633 0 164.589 1.4898 -2.89488 5 52.0425 0.242279 -2.9027 10 164.952 -1.00743 -2.90583
 6 103.695 -2.98889 -2.99202 0 164.77 1.40101 -2.97922 5 52.139 0.156668 -2.98846 10 164.864 -1.09436 -2.99622
 1 187.036 2.17769 3.14159 6 103.381 -3.12153 -3.08882 11 186.018 -2.13899 3.14159 0 165.02 1.26865 -3.08973 5 52.4479 0.0267432 3.14159
 11 186.03 -2.2184 3.08329 6 103.515 3.07878 3.07578 1 186.981 2.09584 3.08969 10 164.371 -1.30582 3.07579 5 52.3738 -0.051657 3.07798
 6 103.351 3.0031 3.00537 1 187.218 2.02179 3.01703 10 164.226 -1.37911 3.01029 5 52.4043 -0.122015 3.01123 0 165.478 1.1143 3.01162
 1 196.548 2.11941 3.01723 10 161.692 -1.50011 3.00641 5 32.1291 -0.200822 3.01331 0 157.216 1.23472 3.01536
 10 161.338 -1.61107 3.0115 5 14.3586 -0.458249 3.01499 0 151.942 1.35451 3.01661
 10 162.213 -1.68422 3.01751 5 6.36927 -1.49331 3.01872 0 149.718 1.43885 3.02145
 10 164.219 -1.76433 3.01751 5 14.6828 -2.69348 3.02442 0 148.466 1.53439 3.02747
 10 166.448 -1.82272 3.02211 5 24.4404 -2.87648 3.02837 0 148.373 1.60621 3.03019
 10 173.502 -1.94601 3.02114 5 47.0448 -2.99959 3.02777 0 150.897 1.76418 3.04189
 10 175.68 -2.12918 2.87572 5 54.0907 3.11237 2.89157 0 152.99 1.66694 2.8844
 10 175.432 -2.2096 2.80383 5 54.0548 3.02972 2.80489 0 153.157 1.58613 2.80353
 10 175.297 -2.2902 2.71552 5 53.9485 2.94892 2.72535 0 153.38 1.50559 2.73208
 5 53.9261 2.85642 2.63808 0 153.519 1.41647 2.64242
 5 53.9362 2.78058 2.55909 0 153.738 1.3422 2.56986
 5 53.9488 2.67049 2.45703 0 154.019 1.23574 2.45975
