size id c0x y c1x y c2x y c3x y center_x y 
2 0 389.914 235.914 434.556 188.556 481 235 435 281 435.336 235.111 5 205.998 422.96 251.375 376.12 299.221 420.779 252.991 467.009 252.902 421.873 
2 0 389.995 236.738 434.36 189.673 481.355 234.645 435.792 280.208 435.499 235.225 5 208.067 422.461 251.698 375.698 298 422 253.084 466.916 253.212 421.637 
2 0 389.914 235.914 434.556 188.556 481 235 435 281 435.336 235.111 5 206.02 422.939 251.506 375.985 298.561 421.44 252.885 467.115 252.774 421.874 
2 0 389.679 236.506 434.641 190.977 481.453 234.547 436.197 279.803 435.522 235.409 5 208.329 422.329 252.156 376.156 298 422 253 467 253.404 421.776 
2 0 390.023 236.023 434.536 188.536 481 235 435 281 435.344 235.095 5 206.14 423.1 251.313 376.062 299.221 420.779 253.083 466.917 252.939 421.842 
2 0 388.897 235.103 435 189 480.93 234.93 435.334 281.011 435.06 235.12 5 206.166 422.166 252.081 375.722 299.057 420.28 252.964 468.964 252.828 422.083 
2 0 390.311 236.311 434.628 188.628 481 235 435 281 435.483 235.178 5 206.744 423.188 251.32 375.849 298.645 421.355 253.329 466.671 253.095 421.682 
2 0 389.656 235.656 434.645 188.645 481 235 435 281 435.218 235.048 5 205.795 422.541 251.703 376.104 299.227 420.337 253.171 467.879 252.853 422.008 
2 0 389.177 235.38 434.855 188.855 480.873 234.873 435.496 281.172 435.122 235.194 5 206.166 422.166 252.189 375.613 298.984 420.357 253.266 469.266 252.93 422.176 
2 0 389.814 236.186 434.671 191.329 481.221 234.779 436.364 279.636 435.529 235.529 5 208 422 253 377 298 422 253 467 253.442 421.937 
2 0 389.731 236.269 434.725 191.275 481.372 234.628 436.345 279.655 435.59 235.501 5 208.169 422.169 252.627 376.627 298 422 253 467 253.441 421.892 
