size id c0x y c1x y c2x y c3x y center_x y 
2 0 -2.44802 -41.8905 -30.8238 -68.6384 -2.99584 -96.4663 24.566 -68.9045 -2.92913 -69.1059 5 109.624 68.3063 81.559 41.1178 108.317 12.4503 136.017 40.1499 108.973 40.203 
2 0 -1.95423 -41.9386 -30.1547 -68.5213 -3.20857 -96.679 24.0915 -69.379 -2.86088 -69.2035 5 109.325 67.0666 81.3062 40.9244 109.049 13.1817 135.961 40.0942 108.831 40.0171 
2 0 -2.44802 -41.8905 -30.8238 -68.6384 -2.99584 -96.4663 24.566 -68.9045 -2.92913 -69.1059 5 109.611 68.2936 81.4782 41.0395 108.713 12.8459 136.081 40.2134 108.973 40.2798 
2 0 -2.09345 -41.7495 -29.373 -68.6893 -3.26713 -96.7376 23.8486 -69.6218 -2.7505 -69.217 5 109.246 66.9097 81.5805 40.6501 109.049 13.1817 136.012 40.1443 108.915 39.9025 
2 0 -2.38289 -41.9556 -30.8357 -68.6264 -2.99584 -96.4663 24.566 -68.9045 -2.93893 -69.1108 5 109.708 68.2217 81.5243 41.1551 108.317 12.4503 135.962 40.0946 108.954 40.1807 
2 0 -2.93401 -41.2809 -30.5576 -68.9045 -3.038 -96.4241 24.5727 -69.1044 -2.9238 -68.9405 5 109.148 68.2059 81.3205 40.695 108.018 12.5485 137.188 40.1662 109.099 40.2473 
2 0 -2.21025 -42.1283 -30.7803 -68.6818 -2.99584 -96.4663 24.566 -68.9045 -2.8891 -69.1939 5 109.76 67.8598 81.3964 41.151 108.663 12.7954 135.814 39.947 108.859 40.0875 
2 0 -2.60255 -41.736 -30.7704 -68.6918 -2.99584 -96.4663 24.566 -68.9045 -2.96686 -69.035 5 109.373 68.4283 81.5496 40.9214 108.053 12.4464 136.538 40.042 109.054 40.2323 
2 0 -2.76835 -41.4485 -30.6448 -68.8173 -3.07169 -96.3904 24.669 -69.2019 -2.87961 -68.9776 5 109.148 68.2059 81.2552 40.6305 108.064 12.5923 137.369 39.985 109.155 40.1862 
2 0 -2.28505 -41.8302 -29.162 -68.7072 -3.12814 -96.5986 23.7488 -69.7216 -2.6791 -69.2212 5 109.049 67.107 82.0862 40.1443 109.049 13.1817 136.012 40.1443 109.011 39.8796 
2 0 -2.23554 -41.7808 -29.1948 -68.74 -3.21847 -96.6889 23.76 -69.7105 -2.69561 -69.2583 5 109.15 67.006 81.8625 40.3681 109.049 13.1817 136.012 40.1443 108.984 39.8804 
