658.570000000    658.560000000  
658.620000000    658.620000000  
658.670000000    658.660000000  
658.690000000    658.690000000  
658.760000000    658.760000000  
658.820000000    658.820000000  
658.860000000    658.860000000  
658.920000000    658.920000000  
658.960000000    658.960000000  
659.020000000    659.020000000  
659.060000000    659.060000000  
659.090000000    659.090000000  
659.160000000    659.160000000  
659.220000000    659.220000000  
659.290000000    659.290000000  
659.320000000    659.320000000  
659.390000000    659.390000000  
659.420000000    659.420000000  
659.490000000    659.490000000  
659.520000000    659.520000000  
659.590000000    659.590000000  
659.620000000    659.620000000  
659.650000000    659.660000000  
659.730000000    659.720000000  
659.770000000    659.760000000  
659.810000000    659.790000000  
659.850000000    659.860000000  
659.930000000    659.920000000  
659.970000000    659.960000000  
660.010000000    660.020000000  
660.050000000    660.060000000  
660.120000000    660.120000000  
660.170000000    660.160000000  
660.210000000    660.190000000  
660.250000000    660.260000000  
660.330000000    660.320000000  
660.370000000    660.390000000  
660.450000000    660.460000000  
660.530000000    660.520000000  
660.570000000    660.560000000  
660.610000000    660.620000000  
660.650000000    660.660000000  
660.730000000    660.720000000  
